A1=[0.1 0.2 0.3 0.4];
A2=[0.4 0.35 0.15 0.1];
R=[0.2 0.5 0.2 0.1;
    0.7 0.2 0.1 0;
    0 0.4 0.5 0.1;
    0.2 0.3 0.5 0];
fuzzy_zhpj(1,A1,R)
fuzzy_zhpj(1,A2,R)